8.912064707388500651e-02 1.447090880265527351e-04 8.528144502226998576e-04 2.816407539240776210e-04 1.008037595225570043e-02 9.593998101999609074e-05 5.896009999366254306e-02 4.636060952304041485e-05 8.373989807262580687e-01 3.018431371222253697e-03
1.405144512911057630e-01 5.948580787421522270e-02 5.948693025043198801e-02 5.948494865852568120e-02 5.948693022936402119e-02 1.405144512635757292e-01 1.405135762523739840e-01 1.405135763009575378e-01 5.948580787428322386e-02 1.405135200051669253e-01
1.749940201739759102e-02 1.653102779684631485e-01 4.987260850243553645e-02 1.829971541560111437e-01 1.260600838370514731e-01 2.435014269479205892e-02 4.987260850386043831e-02 9.781532518166105583e-02 1.431111984845136187e-01 1.431111986538139702e-01
1.000000073875598333e-01 1.000000054645063530e-01 9.999998910533179630e-02 9.999998926924688614e-02 1.000000002756897127e-01 1.000000005497254374e-01 9.999999290046597544e-02 1.000000067412799565e-01 1.000000018447741446e-01 1.000000064614199047e-01
1.000000003256614617e-01 1.000000002234848612e-01 1.000000001716598030e-01 1.000000002891442141e-01 9.999999949639858110e-02 9.999999946154984609e-02 1.000000001441412184e-01 1.000000003017153666e-01 1.000000001207963091e-01 9.999999946544833873e-02
1.000000011876394923e-01 1.000000011172651332e-01 9.999999961886407718e-02 1.000000004943458892e-01 1.000000009150925351e-01 9.999999810876945838e-02 9.999999657796797281e-02 9.999999984789118002e-02 1.000000012069504479e-01 1.000000009252137584e-01
1.000000018285960995e-01 9.999999548374371994e-02 9.999999818358346060e-02 1.000000008119662775e-01 1.000000005445499662e-01 1.000000014955464145e-01 1.000000011065319133e-01 1.000000012943592503e-01 9.999999872620929375e-02 1.000000005249135904e-01
6.786708800896110519e-03 2.298571678955208253e-01 1.542061569972155016e-02 2.154055754219891955e-02 1.126500902825741364e-03 1.042094638424626990e-01 1.008229549562999483e-01 4.968470912222336944e-01 2.273356245954168478e-02 6.553766782987475135e-04
4.178312448652983235e-01 2.953628762967791944e-04 1.347875797755751330e-04 2.953627056916555789e-04 4.178312129790971996e-01 5.434043257954521144e-02 5.434042911468862924e-02 2.953630539084154218e-04 2.953630531567351825e-04 5.434044119254156924e-02
1.138331323189472055e-01 7.259516893861044096e-02 9.592512114764982500e-02 1.104742178921685469e-01 1.041430400485185148e-01 1.348666465164775063e-01 8.348800762852828794e-02 8.737125317912645961e-02 8.347897363562734041e-02 1.138244386943457059e-01
1.000000000151618496e-01 9.999999998725939143e-02 1.000000000119853766e-01 1.000000000081642665e-01 1.000000000102896636e-01 1.000000000087010732e-01 9.999999995541819509e-02 1.000000000077825302e-01 1.000000000031355668e-01 9.999999999210226753e-02
9.999999965897544973e-02 1.000000000378116205e-01 9.999999853672278394e-02 1.000000005192959868e-01 1.000000005089689559e-01 1.000000002404898558e-01 9.999999918344100458e-02 9.999999974213365228e-02 1.000000007679356651e-01 1.000000008042250532e-01
8.923571840888928908e-02 1.097911686958479016e-01 6.650989875004736929e-02 1.097911686711834506e-01 1.097911686959876509e-01 1.097911685720797809e-01 1.097911686307212337e-01 8.923571840982202907e-02 9.627165263712708643e-02 1.097911685282941252e-01
2.013985976919116516e-02 1.013165730112786100e-01 3.094723329018483210e-02 1.013165731222677307e-01 1.745022516392067402e-01 1.745022516365201670e-01 1.745022515915417016e-01 2.013985975384229715e-02 1.013165730486969146e-01 1.013165731372698553e-01
4.656594881426629612e-02 1.736378661528928669e-01 2.503844254315496648e-02 1.044869708606550179e-01 9.994731920214561249e-02 3.275705339504261099e-02 1.749486253956054338e-01 8.416977904516295683e-02 1.856727582276722910e-01 7.277523636340198221e-02
1.000000000212716705e-01 9.999999997292045861e-02 1.000000000011979778e-01 1.000000000188842053e-01 1.000000000214912865e-01 9.999999997968990473e-02 1.000000000140853218e-01 9.999999999009130669e-02 9.999999996098890565e-02 1.000000000193788513e-01
1.008687078525125069e-01 1.172573782212982391e-01 6.243650761784069053e-02 1.181952413178096045e-01 1.181952413067148544e-01 1.213685305021223737e-01 8.251119588720051690e-02 9.353832464549746706e-02 8.251119591014875743e-02 1.031176767388550380e-01
1.000000003981520308e-01 9.999999369807530125e-02 1.000000006607952713e-01 1.000000031008776019e-01 9.999999438286419351e-02 1.000000030194522355e-01 1.000000032142692036e-01 9.999999614376646473e-02 1.000000024355486294e-01 1.000000029461990125e-01
8.510648736113096691e-02 1.111329844006851975e-01 1.124998295548057387e-01 8.491983684317599979e-02 2.284260747443074002e-01 8.508536687453512048e-02 6.756650140944210625e-02 6.758917184637480702e-02 1.122463922138493136e-01 4.542735475169334958e-02
5.287486427414662266e-02 4.575738307316212089e-02 1.270847445052693814e-01 1.303567708857630847e-01 2.259704949897508863e-01 7.168787737155395134e-02 1.065175197450772132e-01 3.558390912207397283e-02 8.984585692562954695e-02 1.143205791075734973e-01
1.000000164519693896e-01 1.000000155104766725e-01 1.000000202179361086e-01 1.000000151088590306e-01 9.999990419424320542e-02 1.000000142299736633e-01 1.000000063919986582e-01 9.999999419440672166e-02 9.999999581627158629e-02 1.000000178838649362e-01
1.881735425728303310e-02 2.173005150185124829e-02 2.175568899230463649e-01 2.216042149552759633e-01 2.175564938583596786e-01 2.173026434238534838e-02 2.216019678434920370e-01 1.881735602454084888e-02 1.923641124318037701e-02 2.134899605058544758e-02
1.433077911262992110e-01 9.929679884463134265e-02 1.059027474878980052e-01 1.228695462824362372e-01 1.684750710117095540e-01 3.725422880091860955e-02 1.851906100042004927e-02 9.790056488623483100e-02 1.305080243612860291e-01 7.596616619816617955e-02
1.185208723929103841e-01 5.064464828315722034e-02 1.534556084627302641e-01 5.067254789750631067e-02 5.064464830412130497e-02 1.534556084866204595e-01 1.534556084495501960e-01 5.067254790513463919e-02 6.502230136740276556e-02 1.534556084508664486e-01
1.672745494039781233e-01 1.068065424702266397e-01 7.487736226323762900e-02 1.068065495880939769e-01 1.672737645899335934e-01 7.487733696374820891e-02 7.487737954577848576e-02 7.573563200551836072e-02 7.573529326164310516e-02 7.573558990784183542e-02
9.651731291905596422e-02 1.295170502227194487e-01 9.354239982099556150e-02 1.210614610708062588e-01 7.004366745166819286e-02 1.315540104174671432e-01 8.067485009762594139e-02 8.494001984164768759e-02 9.042693658384146072e-02 1.017222915741723688e-01
9.999999996317782136e-02 9.999999999979351795e-02 9.999999998963132741e-02 1.000000000114037724e-01 1.000000000103372505e-01 9.999999998022517100e-02 1.000000000142978185e-01 1.000000000088401425e-01 1.000000000109604048e-01 1.000000000113327181e-01
1.153897943236736057e-01 1.586575389731611774e-01 1.618948725796597876e-01 1.586575390763219906e-01 1.810544590386742661e-02 1.618948725801337141e-01 5.803424577852462664e-03 7.369500259250766350e-02 4.450189291223568405e-02 1.013996164805864852e-01
1.000000027456743462e-01 1.000000008069147489e-01 1.000000026016309856e-01 1.000000016644595618e-01 1.000000026375599260e-01 1.000000027117278062e-01 1.000000025424338801e-01 9.999998042938340603e-02 1.000000012675024141e-01 1.000000025927129527e-01
1.058383888017935676e-01 8.542239069850803002e-02 4.510682768060470665e-02 8.235262771258734793e-02 2.689916594702503397e-02 8.404612117641915847e-02 9.139361485407750119e-02 1.561787042963123928e-01 2.006215908047420948e-01 1.221405680279300798e-01
1.002623726061230985e-01 9.993440677923616511e-02 1.002623724623973034e-01 9.993440566361289079e-02 9.993440714076991249e-02 9.993440713920775931e-02 9.993440709715720183e-02 9.993440696047808935e-02 9.993440707733132478e-02 9.993440707368614340e-02
1.165040205049031052e-01 9.157221153044199646e-02 1.437121381695161682e-01 7.354786607730305625e-02 1.211767825233143608e-01 7.852148778685819064e-02 5.364054518324797710e-02 1.343682297783723167e-01 1.333325428967014892e-01 5.362417554934130470e-02
1.108488309287746082e-01 9.617913209893753923e-02 9.615771283405585845e-02 1.436365836527301286e-02 1.537003145728907394e-02 1.608219175770281006e-01 2.250323404149377760e-01 9.562332783859791088e-03 1.108415685912885751e-01 1.608224749485556437e-01
9.999999999693857944e-02 1.000000000292026320e-01 1.000000000291189212e-01 9.999999995919467422e-02 9.999999985960802973e-02 1.000000000294306302e-01 1.000000000105599335e-01 1.000000000293061880e-01 1.000000000289549690e-01 1.000000000276855400e-01
9.999999452680501111e-02 9.999999915083224167e-02 1.000000008479156044e-01 1.000000010221179514e-01 1.000000001596775129e-01 1.000000006695210553e-01 1.000000011139584449e-01 1.000000010718882781e-01 1.000000009124819289e-01 1.000000005248019713e-01
8.502082007081354642e-02 1.329318925866904977e-01 9.699265793534238289e-02 8.710629095559561941e-02 9.663735841011344974e-02 1.329318926152577018e-01 8.502082007811807840e-02 7.873268443318356957e-02 1.079882245803674284e-01 9.663735833451767010e-02
1.000000059000386160e-01 1.000000062476544410e-01 1.000000062253393190e-01 1.000000062251893834e-01 9.999994553786281659e-02 1.000000062322086575e-01 1.000000062238230042e-01 1.000000062367506215e-01 1.000000062323028044e-01 1.000000049388302115e-01
6.600519783289142406e-02 2.140726241231538651e-01 2.290857349009932931e-01 1.757914749978498059e-02 6.581649341902205685e-02 1.134785122856048351e-01 5.643502571002932677e-02 7.484708809817031128e-02 1.371660236456632154e-01 2.551415248468666755e-02
2.312264333619197254e-01 1.337115524897181454e-02 1.152056235709376097e-01 2.332834039214746746e-01 2.178081214359642859e-01 1.021443381801890801e-02 1.168065380069107650e-01 4.234961848749864530e-04 2.848580881020632352e-02 3.317498564072111911e-02
1.125781312177166482e-01 9.716697981811152351e-02 9.406396110295085766e-02 2.241530128748528417e-01 3.524968944211413768e-02 1.016122007265826965e-01 5.776624812429079214e-02 8.959515898345998819e-02 1.587321869804698693e-01 2.908243072945072838e-02
1.000000002378934050e-01 9.999999977032679455e-02 9.999999948486358592e-02 1.000000005698117173e-01 1.000000004343957749e-01 9.999999753508621858e-02 1.000000002867306031e-01 1.000000003435788237e-01 1.000000006620655607e-01 1.000000006752475579e-01
1.346875106563830693e-01 1.172550715962538542e-01 2.314764178749413592e-02 1.271526338787442034e-01 1.271526339414350837e-01 8.375312376655812130e-02 4.402224519232565692e-02 1.086668357254085976e-01 1.070096697671563818e-01 1.271526336882407293e-01
1.000000000159601971e-01 1.000000000147352186e-01 1.000000000094565938e-01 1.000000000041836590e-01 9.999999999786907123e-02 9.999999998605700602e-02 9.999999995874588044e-02 9.999999999398311024e-02 1.000000000197438371e-01 9.999999999926528771e-02
4.536713493256751967e-02 2.664527803249973625e-01 1.438228746789652589e-02 1.643279291586062854e-02 1.872426719551072150e-02 2.045059398143051974e-02 1.012868098094294768e-02 5.584502845122791825e-01 3.163010809185146793e-02 1.798106959666307889e-02
9.999999999256799221e-02 9.999999990384633719e-02 1.000000000410600082e-01 1.000000000320246107e-01 1.000000000132940381e-01 9.999999999582358245e-02 1.000000000202379974e-01 9.999999992775038260e-02 1.000000000425426000e-01 1.000000000308524373e-01
3.421087237288351901e-02 1.146261830375401719e-01 9.546928736790247227e-02 1.022725346325377843e-01 1.323271534710546704e-01 8.567148905901873779e-02 5.850225852467550586e-02 1.382647616561289705e-01 1.053033612925924484e-01 1.333520985856657959e-01
1.102557852293675617e-01 7.697933734327935817e-03 1.102557849592450956e-01 1.102557852252854798e-01 1.102557852082741152e-01 1.102557852266008304e-01 1.102557851905650171e-01 1.102557851698958424e-01 1.102557849147330765e-01 1.102557851417050733e-01
1.000000021741479506e-01 1.000000029736137080e-01 1.000000040573583854e-01 9.999999770330006421e-02 9.999999582892107886e-02 1.000000046941226517e-01 1.000000065782291475e-01 9.999998104043449076e-02 1.000000034870732052e-01 1.000000014627994288e-01
9.348545582840601942e-02 8.998624758349732522e-02 1.563908447570791782e-01 1.102179822611060178e-01 3.571347835380193209e-02 9.346040663368121448e-02 7.187927311940398023e-02 9.348610339487006815e-02 1.563661727860382322e-01 9.901403528211598359e-02
1.000000000359418523e-01 1.000000002654798520e-01 9.999999952828730887e-02 1.000000003195645748e-01 1.000000002971409147e-01 9.999999965332702356e-02 1.000000002247662806e-01 1.000000003559093770e-01 1.000000001312107145e-01 9.999999918837203239e-02
7.626605240740175207e-02 1.136888201576122942e-01 8.949794769551898399e-02 1.124276803259161434e-01 1.071819949901046259e-01 1.151372550080076856e-01 8.586108892941192450e-02 7.626605241403686120e-02 1.118365539500879718e-01 1.118365541219016601e-01
1.110451837788741097e-01 4.877228966676616650e-02 1.110451839453201750e-01 1.291707582113855168e-01 1.001052275253637019e-01 8.780346982126598088e-02 1.001052276063021662e-01 6.515690555172674869e-02 1.980234642568539094e-01 4.877228963614172602e-02
1.000000000402694461e-01 9.999999983309758311e-02 1.000000039140916813e-01 1.000000044276680849e-01 9.999999739785378483e-02 9.999999306528589704e-02 9.999999108193106945e-02 1.000000036359355027e-01 1.000000036283895388e-01 1.000000029754774811e-01
8.308715241722117173e-02 8.269085169754997189e-02 1.349792341161008546e-01 1.359958866864528215e-01 8.269085146920775176e-02 8.308715248011562526e-02 4.442325086397862915e-02 1.349792341774789239e-01 1.349792338983357709e-01 8.308715219355841675e-02
1.000000052975600628e-01 1.000000057107946760e-01 9.999999567451808846e-02 1.000000010295417907e-01 9.999999086018281080e-02 9.999999635317410873e-02 9.999999649924927458e-02 1.000000014860221720e-01 1.000000070675892694e-01 1.000000000213676216e-01
9.055320340928024736e-02 1.062978643793269229e-01 1.062978644100000813e-01 9.055320333836472391e-02 1.062978643239158028e-01 9.055320346068877757e-02 1.062978644046153748e-01 1.062978643943773005e-01 9.055320347332428133e-02 1.062978644061064598e-01
1.021099802970526077e-01 1.021099802765204206e-01 1.021099802902371984e-01 1.021099801949911373e-01 8.101017817683622835e-02 1.021099798914271717e-01 1.021099801276104113e-01 1.021099801513403182e-01 1.021099802803418083e-01 1.021099803136427814e-01
1.000000014705519080e-01 1.000000003509244756e-01 9.999999713654607325e-02 1.000000014655940961e-01 9.999999472810756906e-02 1.000000010344204160e-01 1.000000011418431117e-01 1.000000005345663828e-01 1.000000010213741436e-01 1.000000011160717128e-01
9.999997260544458977e-02 1.000000096512708159e-01 1.000000124039431698e-01 1.000000052731790101e-01 1.000000077498803264e-01 1.000000088173784996e-01 9.999997847636327153e-02 1.000000045378009877e-01 9.999999510677437531e-02 1.000000053779648707e-01
8.055969194973668090e-02 1.067141821654982170e-01 1.067141822038356613e-01 1.067141822136663809e-01 1.104880651487970544e-01 1.104880651239788097e-01 8.055969189752605619e-02 1.104880651341195313e-01 1.067141822071527718e-01 8.055969195568887797e-02
1.000000015973278589e-01 9.999999910068993469e-02 1.000000042219505864e-01 1.000000026402195208e-01 1.000000037437897699e-01 9.999999885785557097e-02 9.999999916313705162e-02 9.999999653611814365e-02 9.999999909134309195e-02 9.999999504756847124e-02
1.004456982531778397e-01 1.079126507916716854e-01 1.175932431019105218e-01 7.544208402247962186e-02 9.422525116851611371e-02 8.921474034124669827e-02 8.921474033951677651e-02 1.079126507208280072e-01 1.175932431161677144e-01 1.004456981444850350e-01
5.567801824385197954e-04 9.605559382950790495e-03 3.647144487922580002e-04 7.819321824747666545e-05 6.456775130656376011e-04 1.649553249510764995e-05 2.040179206179129363e-03 9.855983903203782148e-01 3.234490745702873766e-06 1.090775704707110366e-03
1.000000000557952073e-01 1.000000000347426726e-01 1.000000000421906732e-01 1.000000000134835532e-01 9.999999996311628725e-02 9.999999988009015961e-02 9.999999996521695411e-02 1.000000000443099085e-01 1.000000000137874767e-01 9.999999998726709360e-02
1.335596740987657072e-01 6.497581789497454408e-02 1.338101143131343873e-01 1.442257137598149282e-02 1.033091371631955080e-01 1.428182835782583204e-01 8.601028915698347155e-02 1.070975505870191136e-01 6.030002534192837466e-02 1.536965364897592001e-01
2.247297448361803562e-01 1.377986662086476063e-02 3.489881783453108177e-01 2.092165434577963196e-02 1.939729839394923813e-02 3.101799644022735364e-02 1.377981588759422116e-02 8.173404306818084220e-02 2.092165773068786067e-02 2.247297443312248066e-01
4.857264974031010041e-02 9.859271976123962222e-02 9.865558860439957445e-02 6.313253268231275306e-02 1.221346843618429517e-01 7.764250559354166081e-02 1.945331967824167896e-01 1.221457542372750282e-01 9.694725945543061774e-02 7.764310878123092952e-02
9.465863714999284964e-04 1.990534127169770184e-01 1.990534129950924380e-01 9.465863612297471981e-04 1.990534138151310584e-01 1.990534144433584451e-01 9.465863648525123719e-04 9.465863639650364068e-04 9.465863711869992349e-04 1.990534141967068849e-01
2.956445904182698758e-02 1.616934106694056577e-03 8.147143953868196675e-02 3.601886069939448931e-01 1.616934105982082912e-03 2.956445904284896870e-02 2.664015691799432317e-01 1.616934106908407033e-03 3.190673553370305948e-03 2.247679903297991333e-01
9.999999849348996384e-02 1.000000009619413516e-01 9.999999962720458602e-02 1.000000013005426791e-01 1.000000002284647804e-01 1.000000009169920712e-01 9.999999968483565260e-02 9.999999959677238759e-02 1.000000004282143168e-01 9.999999876154221090e-02
8.334012288278043468e-02 4.920158538807775650e-02 1.271505324714713447e-01 6.502538139961401564e-02 1.271505319894990771e-01 1.271505332917510223e-01 8.334012431375303898e-02 8.334012206018884261e-02 1.271505328535296464e-01 1.271505333493347933e-01
1.000000003206363147e-01 1.000000000872862671e-01 9.999999769909530267e-02 9.999999681559157416e-02 1.000000010877702267e-01 1.000000007561144544e-01 1.000000005369724165e-01 1.000000008791996492e-01 1.000000005351015520e-01 1.000000012822322842e-01
9.999999843201728966e-02 9.999999704357774577e-02 1.000000017535303265e-01 1.000000026914346779e-01 1.000000028255201429e-01 1.000000013259619430e-01 9.999999666291159439e-02 1.000000000615994394e-01 1.000000021183822946e-01 9.999999708506455975e-02
9.546079654131735259e-02 8.236968367063450536e-02 8.236968366917396533e-02 8.236968365713374929e-02 9.546079653468436677e-02 1.234430750959205764e-01 9.546079653968912726e-02 1.551558589212352623e-01 1.551558589281073763e-01 3.275376644210375304e-02
8.219660801829833940e-02 8.918482888610841652e-02 8.056007694488828696e-02 1.328252728726818099e-01 8.056007694001503239e-02 1.037373388818253472e-01 1.236470270084310541e-01 1.078358687337458155e-01 1.037373386889188509e-01 9.571556302508703318e-02
6.418595961729076094e-02 1.049023513642505512e-01 9.922203663054425526e-02 1.118390860058100233e-01 1.018581912463546874e-01 1.200542296409553011e-01 1.118390860305949197e-01 9.922203654189888644e-02 7.503793687978670135e-02 1.118390860425138300e-01
1.480794678316041668e-01 1.140609743114778946e-01 1.038046934701266771e-01 4.046552026386075751e-02 1.021652321936813018e-01 5.945811300704050700e-02 1.591042258044083890e-01 5.060954416098713965e-02 1.854275388552292236e-01 3.682469010158394979e-02
9.991503900129033999e-02 1.000566411623987489e-01 1.000566413510301234e-01 1.000566407213482750e-01 1.000566406169150491e-01 9.991503838459503406e-02 1.000566400524277588e-01 1.000566413666535009e-01 9.991503849865546183e-02 9.991503884468577734e-02
9.834551369524396902e-02 9.834551371046448831e-02 9.834551361797917723e-02 1.148903769857149287e-01 9.834551371832496447e-02 9.834551370960363526e-02 9.834551346170630759e-02 9.834551369988235592e-02 9.834551368820484973e-02 9.834551371287530985e-02
1.100097812586320611e-01 1.587634816663149873e-02 1.258188700213256073e-01 1.209968444520767294e-01 1.280494977072194340e-01 7.104107783241342400e-02 1.117145706239328490e-01 1.555931151191109196e-01 1.078515341534519029e-01 5.304836066520557392e-02
8.039015817546823909e-04 2.529374473059725070e-01 2.124279718576129738e-01 1.225227848903926026e-01 2.215617744624972726e-02 6.513665744379205924e-02 3.391756962468791409e-02 1.159987909658496963e-01 1.733371828305062257e-01 7.615160531817182030e-04
1.000000013616392514e-01 1.000000007121601975e-01 1.000000003643775892e-01 1.000000003445452867e-01 1.000000009441545379e-01 1.000000000136796324e-01 9.999999651086743935e-02 9.999999926710918807e-02 1.000000009281687557e-01 9.999999955329803847e-02
1.000000000365193903e-01 1.000000000440781495e-01 1.000000000401204264e-01 9.999999994650855817e-02 1.000000000513640575e-01 9.999999999916829585e-02 1.000000000341127876e-01 9.999999992243892299e-02 9.999999989297200798e-02 1.000000000327172789e-01
1.002997303510201887e-01 1.002997303629631631e-01 1.002997303642008953e-01 1.002997301986946477e-01 9.955040468346365579e-02 1.002997297782036584e-01 9.955040459202228742e-02 9.955040457409719545e-02 1.002997304629748010e-01 9.955040463235952097e-02
9.121058646325327923e-02 7.466139438988871058e-02 7.466139482084448165e-02 1.297333116086405447e-01 1.297333123401551158e-01 1.297333122853338849e-01 9.121058641691920377e-02 7.466139493517118253e-02 7.466139463681072119e-02 1.297333121029829173e-01
9.999999997345555836e-02 9.999999882015445096e-02 1.000000008294197329e-01 1.000000010491721436e-01 1.000000009509726395e-01 1.000000001903341568e-01 9.999999849592279555e-02 1.000000005170349482e-01 9.999999839093441645e-02 1.000000007825992271e-01
3.545579161423867420e-02 7.050104868801276847e-02 1.615650240927109238e-01 3.754221262841180712e-02 1.753624986335297065e-01 1.218862081948425546e-01 1.031815227190003847e-01 1.707359247220337772e-01 3.803925678837324215e-02 8.573051191884616118e-02
9.637029757541953900e-02 9.637029758815515712e-02 9.637029759000732831e-02 9.637029754001866233e-02 9.637029756479632836e-02 1.084693056681539647e-01 9.637029752816124450e-02 1.084693056706989150e-01 1.084693056754569007e-01 9.637029759913182114e-02
9.152572317261100515e-03 3.790494601283066894e-02 1.478698199335464758e-01 1.249246883102970301e-01 6.898677332744586332e-02 1.249246881756543998e-01 3.515713525797960204e-02 6.898677413414647241e-02 1.478698201113681221e-01 2.342227824194702268e-01
9.781951761689952618e-02 1.087219239472603238e-01 9.781951842973729550e-02 9.781951949904799104e-02 1.087219240375859597e-01 9.781951824277383689e-02 9.781951934489505063e-02 9.781951968721422364e-02 9.781951955722086034e-02 9.781951963736493227e-02
9.999999996497334342e-02 1.000000000408411971e-01 9.999999948096993663e-02 1.000000003650868968e-01 9.999999999465715439e-02 1.000000002216391431e-01 9.999999942471891889e-02 1.000000000623290641e-01 1.000000004565131384e-01 9.999999998827115155e-02
9.888814181835919870e-02 1.188225940837355776e-01 9.061124138161577579e-02 1.150501782515273436e-01 1.150501782128040967e-01 1.188225941318995227e-01 1.071376547093205213e-02 1.200039095974028552e-01 1.217215194467791556e-01 9.031587760494448613e-02
9.999999948350407619e-02 1.000000068595201935e-01 1.000000049245029499e-01 9.999999768162277924e-02 1.000000047555611032e-01 9.999999561422594219e-02 9.999999042745759403e-02 9.999999632220785140e-02 1.000000033695973428e-01 1.000000005618002785e-01
1.300648745550953000e-01 6.997503035213414879e-02 1.200619898315816170e-01 7.242587041318970797e-02 7.242587041086225030e-02 7.242587033191473511e-02 1.300648746187975657e-01 1.300648746004678391e-01 1.300648744623085218e-01 7.242587042364823091e-02
1.000000004329962555e-01 1.000000004620842792e-01 1.000000002878048411e-01 9.999999961466969622e-02 9.999999969962378166e-02 9.999999949504183305e-02 9.999999962787246843e-02 9.999999964943673270e-02 1.000000003113751396e-01 1.000000004190948477e-01
1.413209753519553968e-01 7.702443540498293828e-02 7.366659249174069279e-02 8.670822637624328588e-02 6.649408435692336083e-02 9.495444152837495544e-02 1.600433903953346615e-01 8.670822525313162665e-02 1.462089236776607515e-01 6.687070516365245521e-02
1.000000002039886232e-01 1.000000001837708513e-01 9.999999978479127971e-02 1.000000001447402809e-01 1.000000000066096628e-01 1.000000002215265527e-01 1.000000000868002809e-01 9.999999898046969815e-02 1.000000002081248701e-01 1.000000001791779281e-01
1.000468180837570387e-01 1.000468174869458826e-01 1.000468162564955715e-01 1.000468167267410668e-01 9.989076055499208906e-02 9.989075636849172046e-02 1.000468179683798448e-01 1.000468181745258756e-01 1.000468181305369242e-01 9.989076024913418062e-02
1.000000000711794013e-01 1.000000004208763810e-01 1.000000003560857081e-01 1.000000003092907930e-01 9.999999961750957733e-02 1.000000004097787720e-01 1.000000002329905907e-01 9.999999855380757585e-02 1.000000003745644545e-01 9.999999965391673240e-02
9.999999978917106791e-02 1.000000001634279573e-01 9.999999955463068080e-02 9.999999994322454622e-02 9.999999995696945421e-02 1.000000001954453599e-01 1.000000000630749813e-01 1.000000001336499994e-01 1.000000001858825233e-01 1.000000000145234297e-01
6.166801105668607424e-02 2.749097592586910790e-02 1.496215170198567090e-01 9.449127780030876222e-02 8.517999984590473445e-03 4.409735582496090121e-03 2.378390664984897634e-03 7.088546472903289875e-02 7.045845990245140460e-03 5.734907812459298926e-01
1.000000189888382157e-01 1.000000110787512830e-01 1.000000154426339272e-01 1.000000119533804577e-01 9.999994266937589638e-02 9.999999341864107549e-02 9.999997943586322324e-02 1.000000113476903207e-01 1.000000127915389170e-01 1.000000028732866697e-01
3.721485807458643769e-02 2.929296617388945853e-02 4.337206855097873286e-03 2.564372919005988849e-01 5.317029949169447059e-03 3.711162772830436420e-03 2.587583096726894238e-01 3.694900034940624134e-01 1.181544867765872697e-02 2.362572242941713904e-02
1.000000000159860514e-01 1.000000000053513222e-01 1.000000000166011427e-01 1.000000000161953978e-01 1.000000000165233716e-01 1.000000000164105174e-01 1.000000000162402092e-01 9.999999995275163367e-02 9.999999992730974896e-02 1.000000000166307162e-01
1.143496667788133775e-01 1.143496667789710014e-01 1.143496668765721508e-01 1.143496664890629455e-01 1.143496661029672762e-01 6.651744415673233046e-02 6.651744425476388556e-02 6.651744508806879674e-02 1.143496667583537435e-01 1.143496667156944785e-01
1.000000000318886917e-01 1.000000000117723664e-01 9.999999991561604740e-02 1.000000000293666119e-01 1.000000000064780736e-01 9.999999995265455854e-02 9.999999999021962072e-02 1.000000000329244326e-01 1.000000000190617855e-01 1.000000000100177838e-01
2.525800659731924566e-02 2.525800724056919203e-02 2.525800731737498986e-02 2.121129902100242492e-01 2.121129854578556739e-01 2.121129906611047278e-01 2.525800742665039803e-02 2.525800742568799079e-02 2.121129902787994292e-01 2.525800738461419018e-02
1.000000000084713681e-01 1.000000000189078253e-01 9.999999993961622424e-02 1.000000000155753799e-01 1.000000000010732026e-01 9.999999999354927671e-02 9.999999998525793687e-02 1.000000000058295785e-01 1.000000000147063944e-01 1.000000000170127995e-01
9.999999999581253574e-02 1.000000000137151457e-01 9.999999993626486339e-02 9.999999999392626682e-02 1.000000000160711222e-01 1.000000000268127937e-01 1.000000000560018892e-01 9.999999993162463074e-02 9.999999998984636373e-02 1.000000000399244721e-01
1.318781052017254166e-02 3.977965186259242031e-02 7.976362474913221978e-02 1.884582767741175766e-02 2.429961956680785906e-02 3.491580516785335320e-01 3.491580271027128202e-01 1.641428060908176403e-02 3.674529651519873458e-02 7.264780971835622936e-02
1.000000014733169601e-01 9.999999991262936705e-02 1.000000012800326410e-01 1.000000009077054025e-01 1.000000005501391342e-01 1.000000011007451117e-01 9.999999972854496655e-02 1.000000005840219058e-01 9.999999893132455187e-02 9.999999553153983423e-02
4.782021553582797846e-02 1.493143882400910505e-01 1.176881100321110901e-01 1.176881052332543892e-01 1.176881073268075395e-01 8.715813238992661804e-02 4.782020918639531132e-02 4.782023478457321508e-02 1.493143896033778117e-01 1.176881076676350169e-01
1.228704496626690790e-01 1.228704496520047762e-01 1.228704496550547531e-01 8.787380051383252011e-02 8.787380068386482779e-02 8.787380069118776171e-02 1.228704496417036135e-01 8.787380062671105996e-02 8.787380063646109407e-02 6.914919823651040354e-02
1.000000000287643714e-01 9.999999996902203536e-02 1.000000000278884055e-01 1.000000000130100847e-01 1.000000000193672356e-01 9.999999999059699940e-02 1.000000000333753081e-01 1.000000000105452647e-01 9.999999991207807193e-02 9.999999999535230666e-02
9.618812739440943393e-02 1.025412484036687111e-01 1.025412479484385381e-01 1.025412485328723311e-01 9.618812745061153247e-02 9.618812735288988225e-02 9.618812729211596857e-02 1.025412485358341008e-01 1.025412485358738052e-01 1.025412485532856827e-01
9.999999998600402062e-02 9.999999998340983187e-02 1.000000000164145419e-01 9.999999999691369656e-02 1.000000000127147376e-01 1.000000000082852114e-01 1.000000000157487690e-01 9.999999999423921093e-02 9.999999997214133185e-02 1.000000000141287176e-01
9.999999983687803129e-02 9.999999858957675514e-02 1.000000004765496386e-01 9.999999910751568299e-02 1.000000018589409234e-01 9.999999970969870866e-02 9.999999731746796183e-02 1.000000004942782211e-01 1.000000020614509322e-01 1.000000005476429921e-01
2.220927707655840147e-02 1.041772851971770331e-01 1.291238272525130348e-01 1.673023929267097518e-02 1.419307114494358091e-01 3.571126898608123490e-02 2.073948988597248966e-01 2.966425434628220392e-01 3.445591751885437176e-02 1.162403090416234096e-02
1.072116948779260892e-01 8.536358674750753328e-02 1.066465777550053007e-01 1.072074109511970824e-01 1.493976293260687038e-01 7.232174868483265406e-02 1.075015136294010104e-01 8.537865544223535719e-02 7.232174934809232347e-02 1.066494332377340426e-01
9.999999800057343680e-02 1.000000007915852890e-01 9.999999845100991658e-02 1.000000000439987408e-01 1.000000001914072290e-01 1.000000005327981445e-01 1.000000001896340779e-01 1.000000006263318669e-01 1.000000006575833128e-01 1.000000005150779303e-01
9.779147562423833040e-02 1.021574847900479643e-01 1.021574848075929437e-01 1.021574848116242606e-01 9.779147570109840426e-02 1.021574848253594958e-01 1.021574847443960377e-01 9.779147567396653806e-02 9.779147570593230143e-02 9.804667331574357103e-02
2.270296793281784131e-01 8.761425792879661001e-02 3.326444960103874804e-02 2.270296792701663458e-01 7.110828748550855616e-02 8.761425781731273232e-02 3.650855430269348695e-02 8.761425790757478016e-02 7.110828792877861571e-02 7.110828842995174648e-02
1.000000004691852934e-01 1.000000002112342856e-01 1.000000005863958957e-01 1.000000005858677765e-01 9.999999773668503955e-02 1.000000001741327693e-01 1.000000005824420862e-01 9.999999988773998483e-02 9.999999924887184588e-02 1.000000005174451756e-01
1.033836514380363503e-01 9.661634729108264930e-02 9.661634880526132063e-02 9.661634888535568233e-02 1.033836511956932602e-01 1.033836514234243581e-01 9.661634890393906716e-02 1.033836517215266648e-01 1.033836514476362684e-01 9.661634888804433718e-02
9.181416800236701092e-02 9.499773801297306530e-02 1.009504903133689457e-01 1.383149975548078059e-01 9.181177178135770112e-02 8.429875133918064700e-02 1.008342201209065786e-01 9.830535153963029793e-02 8.487476005989197381e-02 1.137977512755160431e-01
2.138746058523681437e-01 7.440583789033163031e-02 7.441801280848656108e-02 9.650697625773060895e-02 1.055714740515768524e-01 9.084944126302112177e-02 7.022331280410640253e-02 7.101413414087061338e-02 4.919692987117214866e-02 1.539392750603359727e-01
1.176965417777788014e-01 9.621558815955863746e-04 1.175103684581650099e-01 1.173924875751113095e-01 1.176802965262041395e-01 1.174029160188837934e-01 4.393390358318218641e-02 1.605176233676340325e-01 8.921561845637709931e-02 1.176880883550681378e-01
7.418487694540999711e-02 9.865135963726016921e-02 6.355499562757623011e-02 3.230945087453857001e-02 1.079265061458564434e-01 1.716142519701088220e-01 1.581381077505620014e-01 1.672036666646945502e-01 6.279042748992778866e-02 6.362635689406548334e-02
1.000000001722288756e-01 9.999999981517485037e-02 1.000000001782586356e-01 9.999999967167283454e-02 1.000000001777608116e-01 9.999999970290554541e-02 1.000000001797050342e-01 1.000000001294909791e-01 1.000000000435505715e-01 9.999999992925186210e-02
8.099229835206590844e-02 1.706770482379607601e-01 1.016590695906730568e-01 3.660337928822197939e-02 8.880910216974469140e-02 1.046378093332179932e-01 1.232678043710557780e-01 1.057670490580240180e-01 1.205512802193171029e-01 6.703515937971883665e-02
1.000000001171594544e-01 1.000000000980845877e-01 9.999999999958951447e-02 9.999999980066863470e-02 1.000000001069187711e-01 9.999999998732518602e-02 1.000000000876708761e-01 9.999999987589290595e-02 1.000000000288182173e-01 9.999999989787193566e-02
1.084269997029081809e-03 1.118234352949470059e-05 8.314055968460168497e-04 6.138759415034310447e-04 3.732385147591702271e-03 5.466413415343813753e-01 3.026281042319334605e-02 3.796558332558964688e-01 6.342850835989405985e-06 3.716055290919315079e-02
1.043223456333621652e-01 6.930567277817369087e-02 1.495491706121868936e-01 1.154818978850455369e-01 7.026504441380539145e-02 4.219750666369335990e-02 1.006953771146335691e-01 1.498161524981785897e-01 8.288493481187109158e-02 1.154818975890496840e-01
9.684081262828168890e-02 1.049914554525340632e-01 9.683605989538202063e-02 9.261357835930991711e-02 1.049885476394770423e-01 1.096065399580747335e-01 8.219228199068923102e-02 9.748112119857861579e-02 8.811864038179709202e-02 1.263309624958755539e-01
1.246216344581977942e-01 1.156820469287047626e-01 8.511745905610768048e-02 1.156820469190198847e-01 1.246216343297003731e-01 3.467493116077702275e-02 1.156820469828561543e-01 3.467493134202514343e-02 1.246216343737689830e-01 1.246216344488421529e-01
1.000000001694815732e-01 1.000000001862430959e-01 9.999999997276799724e-02 1.000000001598084221e-01 1.000000003603248172e-01 9.999999979467256994e-02 1.000000003563253498e-01 9.999999957918309645e-02 1.000000003461189307e-01 9.999999907507416130e-02
1.001670960749256323e-01 9.992838766997043376e-02 9.992838737215914424e-02 9.992838712498729181e-02 9.992838740225729044e-02 9.992838759892018474e-02 1.001670960161141349e-01 9.992838798932521249e-02 9.992838795001260377e-02 1.001670948013281826e-01
9.999999999197624334e-02 9.999999998672180757e-02 1.000000000013007151e-01 9.999999999595317324e-02 1.000000000123574539e-01 1.000000000007152112e-01 1.000000000101917419e-01 1.000000000088807767e-01 1.000000000132676703e-01 9.999999997863509571e-02
1.000000003229291196e-01 1.000000002481996469e-01 1.000000002242494024e-01 1.000000003584965713e-01 9.999999854466785909e-02 1.000000003607248444e-01 9.999999975894008353e-02 1.000000001188193210e-01 1.000000001567101782e-01 9.999999990626286250e-02
1.000000024909130092e-01 1.000000009765787262e-01 1.000000014027505324e-01 9.999999118344887750e-02 9.999999991542486699e-02 1.000000016461366353e-01 1.000000012434850288e-01 9.999999909540029097e-02 9.999999962860559033e-02 1.000000024172565255e-01
9.280683446975529494e-02 1.071931655882362028e-01 9.280683418359610137e-02 1.071931655925830590e-01 9.280683437823161741e-02 1.071931655851895010e-01 1.071931656295062041e-01 9.280683445519803676e-02 1.071931656494974350e-01 9.280683446820674198e-02
9.999999995365026206e-02 9.999999998855345351e-02 1.000000000500018138e-01 1.000000000663903849e-01 1.000000000188103200e-01 9.999999988159288811e-02 9.999999998696085246e-02 1.000000000037232772e-01 1.000000000299418601e-01 1.000000000203749295e-01
1.000000000390111748e-01 1.000000000307557507e-01 1.000000000494000313e-01 1.000000000114242005e-01 1.000000000601059258e-01 9.999999968808194473e-02 1.000000000558390889e-01 9.999999995179503776e-02 1.000000000552197926e-01 1.000000000583671778e-01
8.380801314994260065e-02 8.380801260025221022e-02 8.380801316332418816e-02 2.457278843063184781e-01 8.380801311206724502e-02 8.380801312126162639e-02 8.380801176895050220e-02 8.380801327517807542e-02 8.380801319944389260e-02 8.380801230326126450e-02
1.000505514067046575e-01 1.000505513520018319e-01 9.954503860970172202e-02 1.000505513956528036e-01 1.000505512223685001e-01 1.000505512114883283e-01 1.000505513821175890e-01 1.000505506807479739e-01 1.000505514082350583e-01 1.000505513309815353e-01
1.036324234940345784e-01 1.036324234436459685e-01 1.036324233583042764e-01 8.547030611657180366e-02 1.036324234716002601e-01 1.036324235089280815e-01 1.036324235042507952e-01 8.547030612187636600e-02 1.036324234834920394e-01 1.036324234972959279e-01
1.000000000096178815e-01 1.000000000127070771e-01 9.999999995400660202e-02 9.999999998607164708e-02 1.000000000071018524e-01 1.000000000030939057e-01 1.000000000093581448e-01 1.000000000057024857e-01 1.000000000038197556e-01 1.000000000085206897e-01
1.621327382690571361e-01 8.508531243445364989e-02 1.099934411415059571e-01 4.748435209152379599e-02 1.621327382249588556e-01 1.089820858597520120e-01 3.732620425634409350e-02 1.734744436752163887e-01 2.830331018153671788e-02 8.508537386565147298e-02
1.205829155131950270e-01 1.205829154722433960e-01 1.205829155829068883e-01 8.627805633338228586e-02 8.627805625799822575e-02 8.627805628626397660e-02 8.627805634343557739e-02 8.627805629393033027e-02 8.627805633464494250e-02 1.205829155819994197e-01
9.999999974748993714e-02 1.000000005073638787e-01 9.999999809568876907e-02 1.000000003642293050e-01 1.000000004522687558e-01 1.000000002768762497e-01 1.000000000046310927e-01 1.000000001303762015e-01 1.000000004701879219e-01 9.999999995088777738e-02
3.069762057524224805e-02 6.426946289883974650e-01 2.248273951507620549e-02 7.638916457575024854e-02 3.876142834833887739e-04 1.320289365381084878e-01 1.292546158896889195e-02 5.447015021428133763e-02 3.242218319563660960e-03 2.468146540112802628e-02
1.032981826325679447e-01 7.031635606835989760e-02 1.032981826768939460e-01 1.032981826412007614e-01 1.032981826663101482e-01 1.032981826892939020e-01 1.032981826894550925e-01 1.032981826495316946e-01 1.032981826779061502e-01 1.032981826084806848e-01
1.164800064653450373e-01 4.385723300265699509e-02 9.605029938898407282e-02 1.317230994538589883e-01 8.923305750031551575e-02 4.385723302358435910e-02 1.701280608220686885e-01 9.605029955749048998e-02 1.270572565576315593e-01 8.556345422806437007e-02
8.869563613241099320e-02 9.353745118841930162e-02 1.293866827246628326e-01 9.355522492701634496e-02 9.355522497894272482e-02 1.293866826593251806e-01 8.869563613122882773e-02 9.355522490969916949e-02 9.481611818070510844e-02 9.481611816758948874e-02
1.067269004346436678e-01 3.945789657070757073e-02 1.067269004087914447e-01 1.067269003887918594e-01 1.067269004291898915e-01 1.067269004325938214e-01 1.067269000411798091e-01 1.067269004257104387e-01 1.067269004341346722e-01 1.067269004342567967e-01
9.236557581716987875e-02 9.884594924592182696e-02 7.138229114622107740e-02 1.159046387870764500e-01 1.159046389343621336e-01 9.236557582010918033e-02 9.884594906594061647e-02 1.159046386533139905e-01 1.061151667196362641e-01 9.236557581024865127e-02
1.344575015088392000e-01 1.347004594826875512e-01 1.344575014065761409e-01 1.347004593683396034e-01 1.347004594872319994e-01 1.928945298311915760e-02 1.948970977442134392e-02 1.928945295566784207e-02 1.344575015284961705e-01 1.344575015046209077e-01
9.999999992030751683e-02 1.000000000357362528e-01 1.000000000096789715e-01 9.999999999264903849e-02 9.999999998847217131e-02 1.000000000312788323e-01 9.999999993229301276e-02 1.000000000178198900e-01 1.000000000377769122e-01 1.000000000339874434e-01
1.030509837438520343e-01 1.306348428308210796e-01 5.177690161699463611e-02 5.177690153232718945e-02 1.341622788698505486e-01 1.328183456433181808e-01 2.042382561645017247e-01 6.384716317372313155e-02 6.384716320587684180e-02 6.384716321873451506e-02
1.000000001245181652e-01 1.000000001106700342e-01 1.000000000136282846e-01 1.000000000683627238e-01 9.999999998473539653e-02 9.999999979753039503e-02 1.000000000419156987e-01 9.999999977202857215e-02 1.000000000246584891e-01 1.000000000619522128e-01
