9.521715343609611637e-02 9.521715376645256690e-02 1.071742702449056117e-01 1.071742696123850758e-01 1.071742695402220086e-01 1.071742697004328532e-01 9.521715366837205097e-02 9.521715321704946056e-02 9.521715340051066512e-02 9.521715341357366025e-02
9.999999999994395317e-02 1.000000000110348036e-01 1.000000000072408107e-01 1.000000000080099039e-01 1.000000000103208331e-01 1.000000000118179549e-01 9.999999998405589841e-02 9.999999999869044198e-02 9.999999996217197318e-02 1.000000000067133438e-01
9.047163997057657003e-02 9.047163984437024686e-02 1.095283601104733440e-01 1.095283601002795815e-01 9.047163973928885883e-02 1.095283601142176960e-01 9.047163997685853110e-02 1.095283601118453437e-01 1.095283600743536534e-01 9.047163995773623013e-02
1.000000007441150529e-01 9.999999462042874487e-02 9.999999824130254011e-02 1.000000001396357391e-01 1.000000014734068882e-01 1.000000010070908329e-01 9.999999983267310322e-02 1.000000017457859935e-01 1.000000003904836232e-01 1.000000018050775930e-01
6.933618921313342010e-02 1.423550061681238821e-01 9.480264123698654843e-02 1.538465843905144903e-01 4.625908561717018835e-02 7.011709974085796049e-02 8.182260098894152123e-02 2.613261392170808037e-02 8.926505130738611460e-02 2.260631274151777559e-01
9.969711803618055979e-02 1.002019212965619271e-01 1.002019213182110402e-01 9.969711805030463669e-02 1.002019212958144279e-01 1.002019213302001860e-01 1.002019213135685732e-01 9.969711806088958628e-02 9.969711796356352240e-02 1.002019213347056653e-01
1.046657548128290122e-01 9.533424519115238360e-02 1.046657548362595475e-01 1.046657547081208117e-01 9.533424529555921401e-02 9.533424529679845882e-02 9.533424527364597889e-02 9.533424529267578440e-02 1.046657544688041619e-01 1.046657548241549246e-01
1.225346892439960478e-01 1.225346887880530700e-01 4.076518635656802003e-02 3.342591643106937460e-02 6.745032863987346361e-02 1.350174108437570408e-01 1.309837619426929833e-01 1.157626725597658002e-01 1.157626726247966420e-01 1.157626725694276132e-01
2.240666879052468918e-01 2.240666881043925918e-01 2.240666883380860175e-01 1.942179469637173375e-02 2.240666883357965711e-01 1.942179462355916181e-02 1.942179466948723565e-02 1.942179470915924439e-02 1.690681239121829757e-02 9.139256226682337947e-03
9.908427105051956230e-02 1.141149283117347396e-01 9.401000651443325307e-02 9.908427105775748089e-02 1.141149283252366614e-01 9.908427106915193572e-02 8.892693001834887923e-02 9.848611614290481153e-02 9.908427105198105989e-02 9.401000645793158861e-02
9.999999999440742360e-02 9.999999999909207904e-02 1.000000000052127386e-01 1.000000000003210265e-01 1.000000000049121179e-01 1.000000000039322351e-01 1.000000000054503679e-01 9.999999998869789353e-02 1.000000000054636767e-01 9.999999999251055205e-02
1.101806853319728108e-01 9.284180288324918318e-02 1.125623304401047048e-01 1.122363440976902466e-01 1.101806853349433929e-01 9.284180269473911451e-02 3.630848105335233306e-02 1.125623304926747920e-01 1.101048526961521390e-01 1.101806849751213735e-01
1.000000001007295969e-01 9.999999992549084282e-02 9.999999984412588638e-02 1.000000001116232856e-01 1.000000001158184160e-01 1.000000001084123402e-01 9.999999966707434629e-02 1.000000001277850242e-01 1.000000000855389010e-01 9.999999991340123573e-02
1.233680985382689943e-01 1.233680985243021805e-01 9.378842555803426628e-02 7.286056344294741804e-02 1.048343663817288690e-01 8.106812293003538838e-02 1.033742825571923873e-01 7.626503007632637332e-02 1.233680985523995105e-01 9.770491343876468171e-02
1.000000000191790805e-01 1.000000000469842137e-01 1.000000000426997243e-01 1.000000000448381110e-01 1.000000000421965851e-01 1.000000000337907813e-01 1.000000000183784710e-01 1.000000000629355512e-01 9.999999971389945952e-02 9.999999997509816108e-02
8.473677297393811259e-02 9.779444133267846395e-02 8.473677258743393670e-02 1.458128574905958041e-01 8.064189586526512854e-02 2.073123153502106145e-02 1.458128573603461597e-01 1.544467466828436664e-01 6.506225323900738378e-02 1.202241709328703556e-01
1.000000006531211044e-01 9.999999974402465353e-02 1.000000002762060775e-01 1.000000001528672244e-01 1.000000003642483593e-01 1.000000000530958388e-01 1.000000001164595420e-01 9.999999899196207465e-02 1.000000005361027094e-01 9.999999911191234658e-02
1.529230932000045229e-01 6.471793772141969103e-02 1.529230931340901656e-01 1.529230932837244705e-01 6.471793786200703835e-02 6.471793774259193555e-02 6.471793792387275923e-02 6.471793790670350710e-02 6.471793784554204232e-02 1.529230933800438952e-01
1.000000001416814360e-01 1.000000001368577390e-01 1.000000001486404527e-01 1.000000000683584356e-01 1.000000001001016409e-01 1.000000000844952081e-01 1.000000001436500835e-01 1.000000001555078899e-01 1.000000001423127782e-01 9.999999887839444712e-02
9.999999998574302107e-02 1.000000000465327138e-01 9.999999998277783742e-02 1.000000000659660299e-01 9.999999998140943203e-02 9.999999996404641822e-02 1.000000000035683179e-01 9.999999993359504069e-02 9.999999999018879815e-02 1.000000000461723632e-01
1.174452276014460589e-01 9.154582111278708467e-02 8.383382965732809333e-02 8.383382965846314372e-02 1.520929614167591537e-01 8.383382967415747844e-02 9.154582114087837785e-02 1.174452275498394233e-01 7.620582607601301961e-02 1.022176261123282914e-01
4.488530664117153929e-02 1.935515151972130310e-01 2.166957421022196531e-02 1.560878543997634704e-01 2.660951504530554429e-02 2.217973093818444985e-01 7.832216124020953407e-02 1.096013950208895998e-01 9.685338838281249904e-03 1.377900300250997356e-01
3.054602796246641896e-02 9.153020817597945502e-02 1.216065515587358981e-01 9.890533172250773331e-02 1.129130277457990605e-01 1.216065515029287752e-01 9.189425360918773711e-02 1.161711790891533091e-01 1.093490853806857455e-01 1.054777832525557874e-01
9.277350435440208376e-02 9.277350464309193356e-02 1.030970695565448653e-01 1.030970695141716909e-01 1.030970695556219507e-01 1.030970692342112471e-01 1.030970694583330793e-01 9.277350462404208853e-02 1.030970695431005918e-01 1.030970695164805107e-01
1.000000025841223245e-01 9.999999967449882399e-02 9.999999352154533006e-02 1.000000027066481334e-01 1.000000001341254663e-01 1.000000024073618432e-01 9.999999948571187958e-02 1.000000018295102988e-01 1.000000023640812696e-01 9.999999529239464446e-02
1.231702626706307480e-01 5.630708243288583270e-02 9.067421957801781451e-02 1.231702627399625799e-01 9.067421958917411262e-02 1.231702625481772284e-01 8.949460409578353925e-02 1.231702626712744691e-01 9.067421957899790552e-02 8.949460409509554792e-02
9.999999998271773272e-02 1.000000000444360437e-01 1.000000000082484075e-01 1.000000000446230608e-01 9.999999995335290270e-02 1.000000000142693274e-01 9.999999984994842328e-02 1.000000000371331771e-01 1.000000000380330267e-01 1.000000000272379674e-01
1.276877388095748744e-01 1.276877387743328984e-01 4.658162074080483828e-02 4.658162073535922904e-02 1.302258823481082864e-02 1.276877385186296621e-01 1.276877387074889791e-01 1.276877380842186271e-01 1.276877385833523892e-01 1.276877388114275036e-01
1.107004804640684542e-01 1.107004805602260639e-01 8.929951948698576503e-02 1.107004804987638119e-01 8.929951944639247241e-02 1.107004805410362613e-01 8.929951947594873263e-02 8.929951947980449556e-02 1.107004805664103669e-01 8.929951948036349285e-02
1.000000000049362375e-01 1.000000000051429055e-01 1.000000000396177313e-01 1.000000000248097570e-01 1.000000000394321992e-01 1.000000000203231376e-01 9.999999979783878723e-02 1.000000000075488837e-01 1.000000000395854932e-01 1.000000000207648954e-01
1.003749439010997585e-01 1.003749438348020134e-01 1.003749438965721441e-01 9.962505624983830632e-02 9.962505609097566106e-02 9.962505620664442729e-02 9.962505598490942194e-02 1.003749438749280964e-01 9.962505607879590386e-02 1.003749438814343226e-01
1.081399247515532486e-01 1.081399251061172934e-01 8.100684127362084430e-02 1.081399251496145408e-01 1.081399252052699655e-01 1.081399242799849642e-01 1.081399251543242179e-01 1.081399251462497879e-01 8.100684191316613603e-02 8.100684202009891810e-02
1.582794664256147732e-01 9.718430150302406756e-02 9.718429842719897294e-02 9.718429964973905599e-02 9.718430168740165020e-02 1.582794726460279577e-01 9.718430124172386386e-02 9.718430155100801771e-02 9.718430009114450985e-02 3.150956777117041186e-03
1.000000003366360163e-01 9.999999955128503759e-02 9.999999996803646263e-02 1.000000000828386720e-01 1.000000000703256536e-01 1.000000001024594215e-01 1.000000003968296441e-01 9.999999908812449989e-02 1.000000003166031520e-01 1.000000000868614125e-01
6.055308702212990057e-02 1.301577612800263462e-01 6.728802445543834165e-02 1.301577612614809032e-01 6.055308704751433124e-02 3.065923417204791113e-02 1.301577611391776246e-01 1.301577612177478305e-01 1.301577612630012704e-01 1.301577611414354851e-01
9.990453920932039489e-02 1.001431910216460525e-01 1.001431908454425979e-01 1.001431909442169199e-01 9.990453954570316375e-02 9.990453906680678287e-02 9.990453965968662531e-02 9.990453927760864494e-02 9.990453963220599642e-02 1.001431907973630020e-01
6.000269169392631607e-02 1.008848716546071056e-01 1.037757462950703036e-01 1.083660722695551221e-01 1.191203095443831989e-01 9.468702630121537955e-02 1.037757462902862415e-01 1.191203095054842731e-01 7.114691688533478220e-02 1.191203095601371942e-01
1.203468602554451511e-01 1.231549164132941521e-01 8.696266447339363881e-02 1.136769548580650879e-01 1.001487382122074055e-01 1.116352754742381548e-01 4.133261877687920138e-02 1.251560845357914675e-01 8.759311663428760719e-02 8.999277036639810601e-02
1.051568176995222315e-01 1.255050405140746561e-01 7.896768650473617868e-02 8.120551830745922905e-02 7.896768656376801365e-02 1.255050403960417116e-01 1.255050405511263789e-01 9.506266525834927705e-02 7.896768652534942590e-02 1.051568176795728699e-01
7.608127581487979241e-02 1.112935519507769755e-01 1.137323013376916603e-01 1.556312202855205384e-01 8.256751282011885740e-02 1.112935519073549318e-01 5.581090646424909790e-02 1.585671494238181101e-01 2.336546555170717840e-02 1.116570644438829030e-01
1.062136831190647196e-01 1.062136831588940539e-01 1.062136831870793968e-01 4.407685158402494668e-02 1.062136831049487334e-01 1.062136832182365570e-01 1.062136831783013907e-01 1.062136831907491002e-01 1.062136830946073668e-01 1.062136831640937001e-01
7.655051675533089406e-02 1.024513832930786239e-01 1.081557980550829912e-01 9.772820273909897659e-02 1.088511671200643183e-01 7.839530091608022666e-02 1.313136750410098808e-01 1.224767009303644877e-01 7.486901300221390776e-02 9.920824214767563765e-02
1.012910780013004525e-01 9.944668062424615040e-02 9.944667954465030713e-02 9.944668107277944424e-02 1.012910780045985504e-01 9.944668146920614127e-02 9.944668161066078094e-02 9.944668021282136727e-02 9.944668153174758551e-02 1.012910779279891510e-01
1.000000007098989369e-01 1.000000002129071558e-01 1.000000007998106677e-01 1.000000007914608191e-01 9.999999646594182057e-02 1.000000007343242042e-01 1.000000007615136494e-01 1.000000002517423270e-01 9.999999929044391112e-02 9.999999998195652218e-02
3.400755151723514058e-01 2.001733965368657220e-01 2.431274547340298020e-02 1.026589436082158413e-01 1.059657449915536558e-02 8.006940940447775795e-03 1.346107170683303045e-01 6.127004222508859559e-03 1.503953099015996053e-01 2.304285257712210613e-02
8.427897075370550939e-02 8.427897086315436215e-02 1.077293862335154673e-01 1.077293858188506648e-01 1.077293862433053584e-01 1.092645273252128985e-01 9.099772950418906492e-02 1.077293862517087197e-01 1.092645275291669604e-01 9.099772947719088345e-02
6.132860641094447368e-02 1.004311696541198423e-02 2.415187462937672669e-01 1.004311697075120462e-02 2.415187421819007252e-01 1.004311698123367368e-02 6.132860651601385743e-02 6.132860715652424521e-02 2.415187379510875254e-01 6.132860257236506102e-02
1.188806467383511367e-01 1.188806467772993009e-01 8.741290225571896055e-02 1.188806466645715293e-01 8.741290225776916778e-02 8.741290221824367379e-02 8.741290215668857944e-02 8.741290199939046046e-02 1.188806467353584612e-01 8.741290219660885485e-02
4.234299673169986816e-02 4.931919278741826035e-02 9.982447056335155833e-02 9.603753952773104452e-02 1.889583509186175958e-01 8.589756499645692656e-02 2.165451922217311864e-01 8.169855144248266976e-02 1.065569875121744059e-01 3.281915329833659523e-02
1.000000000043897719e-01 1.000000000085539548e-01 1.000000000179539494e-01 9.999999997938355256e-02 1.000000000294890695e-01 9.999999999310558996e-02 9.999999995225805627e-02 1.000000000261060396e-01 1.000000000035727310e-01 9.999999998518717403e-02
1.000000000088410584e-01 1.000000000090260077e-01 1.000000000085935897e-01 1.000000000087696711e-01 1.000000000091166019e-01 1.000000000083378360e-01 1.000000000052332777e-01 9.999999992372889113e-02 1.000000000089324576e-01 1.000000000094205671e-01
1.446825750644918918e-01 9.259157814623450444e-02 1.374573047002679571e-01 1.237629470637180984e-01 5.990799238529163906e-02 1.411411265175503138e-01 9.570614351280409826e-02 7.242117013096437128e-02 7.242117006365068888e-02 5.990799241502649253e-02
1.179803847160953434e-01 1.179803838124026255e-01 1.179803868001489953e-01 2.807845649127412024e-02 1.179803851795245273e-01 1.179803867428289993e-01 1.179803864187180251e-01 2.807845742755354923e-02 1.179803868258545441e-01 1.179803855855993261e-01
9.999988854495008017e-02 1.000000143381432061e-01 1.000000050541031693e-01 1.000000144332809926e-01 1.000000108595628517e-01 1.000000100508923184e-01 1.000000133714454148e-01 1.000000144784384676e-01 1.000000144686415127e-01 1.000000144005420144e-01
1.000000000057428146e-01 1.000000000081880808e-01 1.000000000051367854e-01 1.000000000057902350e-01 1.000000000060920907e-01 9.999999999037774423e-02 1.000000000062048616e-01 9.999999996419717263e-02 1.000000000016060819e-01 1.000000000066640776e-01
1.000000002669181737e-01 1.000000012086548207e-01 1.000000000901529185e-01 1.000000010173504178e-01 1.000000008019735487e-01 9.999999261862826949e-02 1.000000009947839413e-01 1.000000010592514837e-01 1.000000011626407809e-01 1.000000007796458118e-01
1.000000007606515889e-01 1.000000009148951374e-01 1.000000008374154342e-01 1.000000009419238362e-01 9.999999873754421287e-02 9.999999818686898523e-02 1.000000002565669954e-01 9.999999854621567652e-02 9.999999993845948287e-02 1.000000008794585948e-01
9.999999962363340100e-02 1.000000000560956337e-01 1.000000000153113688e-01 1.000000001408376110e-01 1.000000001378417991e-01 9.999999998067747586e-02 1.000000000834265629e-01 9.999999997373858196e-02 1.000000000798609845e-01 9.999999990857666443e-02
3.264156308985715488e-02 1.001788766023397337e-01 8.273949292897030128e-02 1.579605566583479614e-01 1.286956504185568506e-01 7.988147568490605588e-02 1.001788766135308650e-01 7.988147564518936761e-02 1.579605566751813850e-01 7.988147568312041480e-02
1.000000012366769608e-01 9.999999785717124390e-02 1.000000005918558754e-01 9.999999730684880350e-02 9.999999945641036003e-02 1.000000001313403331e-01 1.000000012543105082e-01 1.000000007867595242e-01 1.000000015646887175e-01 9.999999981393770110e-02
3.156966128371815894e-02 1.354306146513966636e-01 1.040479855210878352e-01 7.127717065912313188e-02 2.024344382806780862e-01 1.044548349453708058e-01 1.343829927047995032e-01 8.234161453693836230e-02 4.089954823882512025e-02 9.316113917806237432e-02
9.999999999093991954e-02 9.999999999899951419e-02 1.000000000018533702e-01 1.000000000051581017e-01 9.999999998694698855e-02 1.000000000059496630e-01 9.999999999781584992e-02 1.000000000035749653e-01 1.000000000022424756e-01 1.000000000065191658e-01
1.000000091081057196e-01 1.000000086525490162e-01 9.999997661442669439e-02 1.000000086072998784e-01 1.000000069504611705e-01 1.000000075601573252e-01 9.999995802643654730e-02 1.000000066923295017e-01 1.000000092712332034e-01 1.000000085170008879e-01
1.008830861889464109e-01 9.205222299999073210e-02 1.008830862293465108e-01 1.008830864381060621e-01 1.008830864026106916e-01 1.008830862151237906e-01 1.008830863965292229e-01 1.008830864467322452e-01 1.008830864329223059e-01 1.008830862496922082e-01
1.042759638928662247e-01 8.030389907355978130e-02 9.942769544667071080e-02 1.354210552554996339e-01 9.248593150697859144e-02 9.974803053068065362e-02 9.942769509939390626e-02 9.248593147874543952e-02 9.821189882778530444e-02 9.821189888781972632e-02
1.000000000254983173e-01 1.000000000302540548e-01 9.999999994479381871e-02 9.999999998381048361e-02 1.000000000084879381e-01 1.000000000223995600e-01 1.000000000259017863e-01 1.000000000297874281e-01 9.999999996311000061e-02 9.999999996595659857e-02
1.000000051698657494e-01 1.000000060409556857e-01 1.000000063609557122e-01 1.000000022913085235e-01 9.999998633376090684e-02 1.000000003998721548e-01 9.999999110903814992e-02 9.999999897431666174e-02 1.000000015291633293e-01 1.000000017907631406e-01
1.000000001902591751e-01 1.000000001986408038e-01 1.000000001566657415e-01 1.000000001898394136e-01 9.999999970747008859e-02 9.999999885106783393e-02 1.000000001873088268e-01 1.000000001292030843e-01 1.000000001917897841e-01 1.000000001977552344e-01
1.000000000182782178e-01 9.999999997606771884e-02 1.000000000436250536e-01 1.000000000171910874e-01 1.000000000567615732e-01 9.999999998783075383e-02 1.000000000160946728e-01 9.999999994202322939e-02 9.999999988509951365e-02 1.000000000570281239e-01
1.005159625365057569e-01 1.001319427969264014e-01 7.482512041726512020e-02 1.379853500252838094e-01 7.481964744794845912e-02 9.708889418249458392e-02 7.482512042266510621e-02 1.013367245569360975e-01 1.379552750790614402e-01 1.005159625349132529e-01
1.145530838968070175e-01 1.145530839229205178e-01 1.145530828713743898e-01 1.145530839983561477e-01 1.090690175177451149e-01 3.614155693381524564e-02 5.840190556723497822e-02 1.145530839527865302e-01 1.090690173445031247e-01 1.145530839944568363e-01
1.200291068520055043e-01 2.361758893046112667e-02 1.963862926507212725e-01 1.200291075621881393e-01 2.529590766182666650e-01 1.963862895793685170e-01 2.691295407155448391e-02 1.539416155514831963e-02 2.466783319420073547e-02 2.361758898608528126e-02
1.281905177295540321e-01 1.205859366804185179e-01 1.281905178036290560e-01 5.340275516292870145e-02 7.013298842062032357e-02 6.627977620173905460e-02 7.013298842610304895e-02 1.212492914269329564e-01 1.205859367077165289e-01 1.212492914403577732e-01
1.598754586685781076e-01 1.068369268515247106e-01 8.705751558443149130e-02 6.892154438514917769e-02 6.636716836677407361e-02 5.334203147166233228e-02 1.552435188993082915e-01 1.115993334316626034e-01 1.068971250819810842e-01 8.385937725892812777e-02
2.074153935895815815e-01 1.373732536690712713e-01 7.691781154478397053e-03 5.799989204753681210e-02 1.373732536304300977e-01 2.398656811171510569e-02 2.398656866161230986e-02 1.373732493803021815e-01 5.938465210627939805e-02 2.074153876489928106e-01
1.050872093680701586e-01 8.812984486338495960e-02 1.050872093732205803e-01 1.050872093299597687e-01 1.050872093726592099e-01 8.812984481661539915e-02 1.050872093494275988e-01 1.050872093417699743e-01 1.050872093102823562e-01 8.812984487460999439e-02
1.000000000521728688e-01 1.000000000257552507e-01 1.000000000163783070e-01 1.000000000575969744e-01 1.000000000492839852e-01 1.000000000036629644e-01 9.999999996423716841e-02 9.999999996346800590e-02 9.999999994723725305e-02 9.999999992020724982e-02
9.999999488058576580e-02 1.000000006871479691e-01 1.000000001919931214e-01 1.000000010526387179e-01 9.999999893631666970e-02 1.000000008899269155e-01 1.000000009500274650e-01 1.000000004714225732e-01 1.000000009875903206e-01 1.000000009523505790e-01
1.000000000209127771e-01 1.000000000114782822e-01 1.000000000215510859e-01 1.000000000167819425e-01 1.000000000081495144e-01 1.000000000219252172e-01 1.000000000172576453e-01 9.999999988553516517e-02 9.999999998114669775e-02 1.000000000152617002e-01
9.507727563670019533e-02 1.000280839509343211e-01 1.000280839912159464e-01 9.507727562055774684e-02 9.507727563653223246e-02 1.000280839888421647e-01 9.507727563741774635e-02 9.507727561809277417e-02 9.507727562511722463e-02 1.294520942945895925e-01
9.999998795206478663e-02 1.000000073160215164e-01 9.999999630920346216e-02 1.000000001378449632e-01 1.000000062272234091e-01 1.000000057209595589e-01 1.000000071138205937e-01 9.999999646636804906e-02 1.000000033962892138e-01 9.999998936020437768e-02
8.589293448906257233e-02 8.357722711084959732e-02 1.058268078059881462e-01 1.162921002483023880e-01 8.982841649898276604e-02 2.063391641844195545e-01 1.263515678832580758e-01 4.941613257538787773e-02 4.677698414501947621e-02 8.969866505872949036e-02
5.815763035723266194e-02 1.104605919801633501e-01 5.815763038461091439e-02 1.104605924460604349e-01 1.104605925341200778e-01 1.104605924115799331e-01 1.104605925505840885e-01 1.104605925648239756e-01 1.104605925732560223e-01 1.104605921975684302e-01
1.000000000852147991e-01 1.000000000307527670e-01 1.000000001106714359e-01 9.999999974642520550e-02 9.999999979594326183e-02 9.999999994996584818e-02 1.000000001088673512e-01 1.000000000610471312e-01 1.000000001072416378e-01 1.000000000038704651e-01
1.194096123712216212e-01 1.194096124021307298e-01 1.194096123703639878e-01 8.706025843786420471e-02 1.194096123916198876e-01 8.706025843715681223e-02 8.706025832208906523e-02 8.706025841390828413e-02 8.706025841795636544e-02 8.706025843568909739e-02
1.000000000368338471e-01 1.000000000075522144e-01 9.999999974670634173e-02 1.000000000369462017e-01 1.000000000218726204e-01 1.000000000297705943e-01 1.000000000364317104e-01 1.000000000201936023e-01 1.000000000265505312e-01 1.000000000371423364e-01
1.117241270114812113e-01 8.827587305984065102e-02 1.117241270687854282e-01 8.827587306164411118e-02 1.117241270842076473e-01 8.827587289805090276e-02 1.117241269358083128e-01 8.827587302599110286e-02 1.117241269015511740e-01 8.827587295263933376e-02
1.183952973543513365e-01 1.183952972956484745e-01 8.698906420660787453e-02 4.826571883682655856e-02 1.183952972998899289e-01 9.092291016887965593e-02 9.092291017580571288e-02 9.092291020323821360e-02 1.183952972897580891e-01 1.183952971689940376e-01
2.898716817966893664e-02 1.025597815780445732e-01 7.615294173626929730e-02 1.402035495762861128e-01 1.402035492886309354e-01 3.284409602309988629e-02 1.402035495698905898e-01 9.509926985535996358e-02 1.035425446347586487e-01 1.402035495579911084e-01
1.000000001034621472e-01 1.000000001066602279e-01 1.000000001042793546e-01 1.000000001065091959e-01 1.000000000625911878e-01 1.000000001060212806e-01 9.999999920692737021e-02 1.000000000547587725e-01 1.000000000861524380e-01 1.000000000626380808e-01
9.999999948452424625e-02 1.000000029883515579e-01 1.000000032927473581e-01 1.000000007606476199e-01 1.000000018930509577e-01 9.999999484202962141e-02 1.000000019738020163e-01 9.999999842309098552e-02 1.000000002510929159e-01 9.999999609066277662e-02
4.999621017718142851e-02 1.461249396710152249e-01 8.884971453609641356e-02 1.461249396981252613e-01 8.884971460709442659e-02 1.450325662795408088e-01 8.884971458901008701e-02 5.002363031884789896e-02 1.461249397263841010e-01 5.002363039670420369e-02
1.000000000014477780e-01 1.000000000013783613e-01 1.000000000036210812e-01 1.000000000034889230e-01 1.000000000045855597e-01 9.999999997213966652e-02 1.000000000025585284e-01 1.000000000042227111e-01 1.000000000045460496e-01 1.000000000020114105e-01
9.169049651278386726e-02 8.431537340669859049e-02 5.605048261162324380e-02 1.519085918070798569e-01 8.828080970970135499e-02 8.431537443409022059e-02 1.138059302297342451e-01 8.923368397297690158e-02 1.011449929051384811e-01 1.392542644101732729e-01
1.000272440155993009e-01 1.000272440180600131e-01 1.000272440179789252e-01 1.000272438360890470e-01 1.000272440169197308e-01 1.000272439805378888e-01 1.000272440161865534e-01 1.000272439948515779e-01 1.000272440149158476e-01 9.975480408886107375e-02
1.293753306428104266e-01 7.062466935061605111e-02 1.293753306130664971e-01 7.062466938605468925e-02 1.293753306104951650e-01 1.293753306250144952e-01 1.293753306487545329e-01 7.062466936601495548e-02 7.062466940183499686e-02 7.062466935533801005e-02
4.469188389917889276e-02 4.111049967068832606e-02 4.111049967532627580e-02 1.826254056903121314e-01 1.922524037272082542e-01 4.111049965796392813e-02 1.922524039820614761e-01 4.111049967717882864e-02 1.826254043640163360e-01 4.111049965606546758e-02
1.000000000210733431e-01 1.000000000243728149e-01 9.999999995953665066e-02 9.999999999578838838e-02 1.000000000299399450e-01 1.000000000383688969e-01 1.000000000325988875e-01 1.000000000244808257e-01 9.999999999528741412e-02 9.999999987855283379e-02
1.242887038885972933e-01 1.693801423389920957e-01 1.387770012262747044e-01 1.445410254050413963e-02 1.445410254342397414e-02 1.387770011540714887e-01 1.387770013005067971e-01 1.251453758011271573e-02 1.242887038740484729e-01 1.242887035534683826e-01
8.532762224531413586e-02 1.185617421890336753e-01 8.659262942758701176e-02 1.053907876231308105e-01 9.320181719995525305e-02 9.909889115230906265e-02 9.786804836132396990e-02 1.114458881163635923e-01 8.659263010357577672e-02 1.159199435814067258e-01
1.000238255965258671e-01 1.000238256428362116e-01 1.000238255980063079e-01 1.000238255896311185e-01 1.000238256195049996e-01 1.000238256461130626e-01 1.000238256396401293e-01 9.990469761498506351e-02 9.990469740773630369e-02 1.000238256450209362e-01
9.769553711623910064e-02 1.192459208984144731e-01 1.096369914597163653e-01 6.914272316437029831e-02 9.798713886301733955e-02 6.201390718694207993e-02 1.192459209024001737e-01 9.769553665473634796e-02 1.176993322863894159e-01 1.096369914677743362e-01
3.717102388539997304e-02 1.093320975236977410e-01 9.862145129059562976e-02 1.463263484087954092e-01 9.195472008909061357e-02 6.935157925705871806e-02 1.093320975943527229e-01 1.153161809077862116e-01 1.132624034017890996e-01 1.093320976414338397e-01
9.999999997132738572e-02 1.000000000034520914e-01 1.000000000045400406e-01 1.000000000045820209e-01 9.999999999916273086e-02 1.000000000037343101e-01 1.000000000004736267e-01 1.000000000045704884e-01 1.000000000045656312e-01 1.000000000035916881e-01
1.146204389408432556e-01 1.146204391604201678e-01 1.146204410521065309e-01 3.711465740132190161e-02 8.027112940239540528e-02 1.146204356256685097e-01 1.146204401153254754e-01 1.146204385617811405e-01 8.027114047430609911e-02 1.146204392658314725e-01
1.001092986988246780e-01 1.001092998541410484e-01 1.001092999427632552e-01 9.901630375346494317e-02 1.001092989178111042e-01 1.001092995073168401e-01 1.001092999681175155e-01 1.001092996895936726e-01 1.001093000460391708e-01 1.001092996219279802e-01
9.166974254564447255e-02 1.083498136143404150e-01 6.915668511967724974e-02 9.633485445957309934e-02 1.038323728531933415e-01 1.038323725716700785e-01 1.038323724904764572e-01 1.073209847006933865e-01 1.083498086386822518e-01 1.073209930060493034e-01
9.989853810782459154e-02 9.989853851918728544e-02 1.004058462907684857e-01 9.989853839617356124e-02 1.004058463109158139e-01 9.989853851176414001e-02 9.989853847860570568e-02 9.989853836438808421e-02 9.989853849569092781e-02 9.989853852468147388e-02
9.999999994125843839e-02 1.000000000260143768e-01 9.999999999684645868e-02 1.000000000242438902e-01 1.000000000251471954e-01 9.999999994487568378e-02 1.000000000259096133e-01 1.000000000281374840e-01 9.999999996366114308e-02 1.000000000239055775e-01
1.094426833943866056e-01 1.094426833815829031e-01 1.094426833957439088e-01 1.094426832143436390e-01 1.094426833279572436e-01 1.501585014086797600e-02 1.094426833196358861e-01 1.094426832394531091e-01 1.094426832991368947e-01 1.094426832868919397e-01
9.804000984504733507e-02 9.804000963605709329e-02 9.804000984529707974e-02 9.804000926376137126e-02 9.804000967768425334e-02 9.804000960348591143e-02 9.804000963075479302e-02 9.804000873646159797e-02 9.804000975170965027e-02 1.176399140097409285e-01
1.035649584510455051e-01 1.035649586024388058e-01 1.035649584533437917e-01 1.141670376292172190e-01 7.776118917413707421e-02 1.035649585629683511e-01 7.776118916784025004e-02 1.141670376353677019e-01 9.831875374104571963e-02 1.035649585825954289e-01
1.147376242656110573e-01 1.631067460957952853e-01 1.163596582453994416e-01 1.170717322380679104e-01 2.753345359706108747e-02 8.951268140102261461e-02 8.439873364252641064e-02 8.439873361323205203e-02 8.580890469836015277e-02 1.170717322029240642e-01
1.590680036826623117e-24 1.267321395242733406e-01 1.267321395347081048e-01 1.267321395427489228e-01 1.148005948561780093e-01 1.141873855694113260e-01 4.590899232206258757e-02 1.267321395249304816e-01 1.148005948573514040e-01 1.033738742683357470e-01
1.000000004440395052e-01 1.000000005758227978e-01 1.000000000678230999e-01 1.000000000364373726e-01 1.000000005850234380e-01 1.000000005350797361e-01 9.999999952564828098e-02 9.999999777024697056e-02 9.999999993104327634e-02 1.000000005288354948e-01
1.111338102292037805e-01 1.018303380756206550e-01 1.038675729662425912e-01 8.429287505509962253e-02 1.024028913958460185e-01 1.018303383797733164e-01 8.892106952499879979e-02 1.263301401076114827e-01 1.092024294847543792e-01 7.018853478084918773e-02
1.102204273204160506e-01 1.102204273187663425e-01 1.217788894088821794e-01 1.102204272295083942e-01 1.217788894303703379e-01 6.546856062818733057e-02 6.546856061528161241e-02 1.102204273288845821e-01 6.284450129498123094e-02 1.217788894247219672e-01
2.055278593315385677e-02 2.055278787941608107e-02 2.055278791456074949e-02 4.900031354885009960e-01 1.288933843408573143e-01 1.288933687198776934e-01 2.055278746384901420e-02 1.288933869526975029e-01 2.055278753739524927e-02 2.055278776969145932e-02
8.596173021055085461e-02 1.035095674537815508e-01 8.596173020162585499e-02 1.035095674793837656e-01 1.035095674693720519e-01 1.035095674402679300e-01 1.035095673670219513e-01 1.035095674769154206e-01 1.035095674743603533e-01 1.035095674267201976e-01
1.000000010177722887e-01 9.999999811103435499e-02 1.000000005556178906e-01 1.000000001449849324e-01 9.999999876235297902e-02 1.000000010261701960e-01 1.000000010190878613e-01 1.000000001981132813e-01 9.999999859180709605e-02 1.000000005730592306e-01
1.017643245104539046e-01 9.882378370923843025e-02 1.017643245477886510e-01 9.882378375673132875e-02 1.017643245613819858e-01 9.882378374100142526e-02 1.017643243625100391e-01 9.882378351569405528e-02 9.882378374840622426e-02 9.882378354679392796e-02
1.000000000062484379e-01 1.000000000126930605e-01 1.000000000005534517e-01 1.000000000127406752e-01 9.999999997548834896e-02 9.999999999742635592e-02 1.000000000113920595e-01 9.999999999434827647e-02 9.999999999451739119e-02 9.999999999459198430e-02
1.000000000066685879e-01 9.999999998623929076e-02 1.000000000124653815e-01 1.000000000074362239e-01 9.999999998409561663e-02 9.999999998024915182e-02 9.999999998185493677e-02 1.000000000245381271e-01 1.000000000203255107e-01 9.999999999612718682e-02
9.999999989440265524e-02 9.999999987748631192e-02 1.000000000386594284e-01 1.000000000523703358e-01 1.000000000236268005e-01 1.000000000532480782e-01 1.000000000583230325e-01 9.999999990899213764e-02 1.000000000413001217e-01 1.000000000515910009e-01
9.999999997337576108e-02 1.000000000286863089e-01 9.999999998268291335e-02 9.999999996927609602e-02 1.000000000204842587e-01 9.999999996041125661e-02 1.000000000376300852e-01 1.000000000161280073e-01 9.999999999174588594e-02 1.000000000195794131e-01
1.159599998869429993e-01 1.073462618389975018e-02 1.159599999804779846e-01 1.073462618753524313e-02 1.159600000715231283e-01 1.159599999873381498e-01 1.159599999049049507e-01 1.159600000511517987e-01 1.159600000373643136e-01 1.668107477088618396e-01
1.000000007629790882e-01 9.999999547188717641e-02 1.000000033376428343e-01 1.000000017123363200e-01 9.999999780165548524e-02 1.000000003363219758e-01 9.999999573725712465e-02 1.000000024068428278e-01 1.000000021275423423e-01 1.000000003055348669e-01
1.000000000094721092e-01 1.000000000165351260e-01 9.999999997532146856e-02 1.000000000127496819e-01 9.999999999396194661e-02 9.999999997454055156e-02 1.000000000042033793e-01 1.000000000049085375e-01 9.999999999405484452e-02 1.000000000142523271e-01
1.000000007047739947e-01 9.999999787957795927e-02 9.999999551790735020e-02 1.000000011823489743e-01 1.000000013123203829e-01 9.999999965617314968e-02 1.000000005199881276e-01 9.999999987626803644e-02 1.000000013943418836e-01 1.000000019563001968e-01
9.999999999516169524e-02 1.000000000323644500e-01 1.000000000316853682e-01 1.000000000311485893e-01 1.000000000318056331e-01 1.000000000132106742e-01 1.000000000318993776e-01 9.999999976836637661e-02 1.000000000321496774e-01 1.000000000322082000e-01
8.625864165893963598e-02 8.625864190393219000e-02 8.625864193649425415e-02 8.625864191076708376e-02 1.206120372230173321e-01 1.206120371969155447e-01 8.625864185101274340e-02 1.206120372567069943e-01 8.625864182374519407e-02 1.206120372384691108e-01
9.991571981788725798e-02 1.001966537418496339e-01 9.991571984349897906e-02 1.001966537413610664e-01 9.991571983634624232e-02 1.001966537403949087e-01 9.991571981982269590e-02 9.991571983486428887e-02 9.991571984621459845e-02 9.991571977776028679e-02
1.000000007915921724e-01 1.000000003468854981e-01 1.000000007664634816e-01 9.999999730924820363e-02 1.000000005773425821e-01 1.000000004064080239e-01 1.000000002008387678e-01 1.000000007288946030e-01 1.000000005918753182e-01 9.999999828045137706e-02
1.021768179193144194e-01 1.021768108784054802e-01 9.673477685709906682e-02 9.673477852535802834e-02 1.021768177235676117e-01 1.021768155914833109e-01 1.021768177266705740e-01 9.673477308638460392e-02 1.021768163082232006e-01 9.673477538349366245e-02
1.279077944553849155e-01 8.004274509041622854e-02 9.334617939336720127e-02 9.334617938931803749e-02 9.334617939832244582e-02 9.610984324679154589e-02 1.279077944021030366e-01 1.279077944801744193e-01 8.004274503833740118e-02 8.004274510578474056e-02
9.999999902161682552e-02 1.000000008612474955e-01 1.000000001362579966e-01 1.000000003327610743e-01 1.000000005691664695e-01 1.000000003958260164e-01 1.000000002221473477e-01 9.999999733678928415e-02 1.000000005905324896e-01 1.000000005336549591e-01
1.000000004217998367e-01 1.000000016116835977e-01 1.000000009293081776e-01 1.000000020977932363e-01 1.000000012791826265e-01 9.999999926296147812e-02 9.999999172841958495e-02 1.000000005958280869e-01 1.000000013288523948e-01 1.000000007441709388e-01
1.220944349169114512e-01 1.220944348577263361e-01 3.759487708772969033e-02 1.188188549734084665e-01 1.188188549646208986e-01 7.988841775791193089e-02 7.988841780830460704e-02 7.988841780662754577e-02 1.188188549154861051e-01 1.220944349112729199e-01
1.645485374690265346e-01 1.046483235130951650e-01 4.869010435125443320e-02 1.457250124333276942e-01 4.480918923913038143e-02 8.559414252544085555e-02 4.869010423321848413e-02 1.645485374530203659e-01 1.046483236179664711e-01 8.809772516451960800e-02
1.225633775477212722e-01 1.225633771616099071e-01 1.225633773819520406e-01 1.225633774534637122e-01 9.746490316590916692e-03 1.225633772299263569e-01 1.225633775489326088e-01 1.225633775101503398e-01 9.746490318546550263e-03 1.225633775311062851e-01
1.000000005667337072e-01 1.000000005558783073e-01 9.999999796747166547e-02 9.999999944351556369e-02 1.000000004278397414e-01 1.000000004794738134e-01 1.000000003052799041e-01 1.000000005786625540e-01 9.999999909799772713e-02 1.000000005771469747e-01
1.000000008789414807e-01 1.000000006943421171e-01 1.000000009126698758e-01 9.999999973002549059e-02 9.999999661606098766e-02 1.000000001933597504e-01 1.000000006935683333e-01 1.000000005749972359e-01 1.000000005038942791e-01 9.999999920214056037e-02
1.000000000559924385e-01 1.000000000556739710e-01 1.000000000503243058e-01 1.000000000445374071e-01 1.000000000341405848e-01 9.999999980946279454e-02 9.999999987470838125e-02 9.999999996486882980e-02 1.000000000543699169e-01 1.000000000559214258e-01
1.011624550272325063e-01 1.052772398830238987e-01 1.052772399355770827e-01 8.301297451151394557e-02 9.825274238160369711e-02 1.052772398695827061e-01 1.011624552651526898e-01 1.011624553472226379e-01 9.825274244764929665e-02 1.011624553314414421e-01
1.195025866743605475e-01 8.354464578707918032e-02 1.112336753562621905e-01 1.043451454439620202e-01 7.838911115338680069e-02 8.354464562192172317e-02 1.302228851054865189e-01 8.617007266592684178e-02 8.354464576401308962e-02 1.195025864276011013e-01
1.000000006274165132e-01 9.999999977367524107e-02 1.000000002527277748e-01 1.000000008681810604e-01 1.000000005086247729e-01 9.999999686415626809e-02 1.000000006529949831e-01 1.000000003530638754e-01 1.000000008347297770e-01 9.999999926442962317e-02
1.000000000613561757e-01 9.999999997003687635e-02 9.999999990431886199e-02 1.000000000228150054e-01 1.000000000598888217e-01 1.000000000504246561e-01 1.000000000382816612e-01 9.999999982757225292e-02 1.000000000691712576e-01 9.999999999613447266e-02
1.109079265870051567e-01 1.109079265894972605e-01 8.857972757629033189e-02 8.857972756215577725e-02 1.109079265682835908e-01 6.881325789672262938e-02 1.109079265663957259e-01 8.857972756169736617e-02 1.109079265378438151e-01 1.109079265541084297e-01
9.999999999432257480e-02 1.000000000393793387e-01 9.999999994470955278e-02 1.000000000600191757e-01 1.000000000412504947e-01 1.000000000499495501e-01 9.999999974262818725e-02 1.000000000482304391e-01 1.000000000580195669e-01 1.000000000214911616e-01
1.129858886904916149e-01 1.129858887154056579e-01 1.129858883927642305e-01 4.805644584968644939e-02 1.129858884123199070e-01 4.805644581686627226e-02 1.129858881876651400e-01 1.129858886685747577e-01 1.129858885530394264e-01 1.129858887131865303e-01
1.000000002754029838e-01 9.999999967901160303e-02 1.000000002932132648e-01 9.999999970767506352e-02 9.999999918081420303e-02 1.000000000551375806e-01 1.000000003435793788e-01 1.000000000152812679e-01 1.000000001609516048e-01 1.000000002889329526e-01
1.000002672979850016e-01 1.000002660487952638e-01 1.000002683310332874e-01 1.000002684387620161e-01 1.000002533951660222e-01 1.000002684015115634e-01 1.000002681370653762e-01 1.000002102002123527e-01 1.000002683555359512e-01 9.999766139393305442e-02
3.985128622128351894e-02 2.093316488695968758e-01 3.584495087176749889e-02 3.985128595011536851e-02 3.584495090077246399e-02 1.313664262604236632e-01 1.313664261818586199e-01 3.584495090865580380e-02 1.313664262517747761e-01 2.093316475837512236e-01
1.000000002324324122e-01 9.999999966434389154e-02 1.000000000516467064e-01 1.000000001903300767e-01 1.000000002004942240e-01 1.000000001419593526e-01 1.000000001911589276e-01 1.000000001648441578e-01 9.999999918101798446e-02 9.999999998177229454e-02
1.000000003122573922e-01 9.999999974116222101e-02 1.000000002944362726e-01 9.999999917018854989e-02 1.000000000996281863e-01 1.000000001493370483e-01 9.999999990368109437e-02 1.000000001176745423e-01 1.000000002100323165e-01 1.000000000016024182e-01
1.089383863329833474e-01 9.415479594909759165e-02 1.027359183474390036e-01 7.322569326813234414e-02 1.089383863432779737e-01 1.206040454764629039e-01 9.415479598906033309e-02 9.415479598987241960e-02 1.089383863349071835e-01 9.415479596876699664e-02
9.999999851563035058e-02 1.000000008164284721e-01 1.000000022044342796e-01 9.999999846740084686e-02 9.999999875724152609e-02 9.999999895168829034e-02 1.000000003814111166e-01 1.000000016049401447e-01 9.999999958938653177e-02 1.000000007114383305e-01
1.282543811366875126e-02 1.659373561655054508e-02 2.596503262074032481e-01 1.877073442077304422e-01 2.233798574475967871e-02 2.312741641265413789e-02 1.403353585256961189e-01 1.841145388755268883e-02 1.776909430032398984e-01 1.413199982807443744e-01
9.788815376976124638e-02 4.217575019263259534e-02 8.437002650168691498e-02 1.031745638799329567e-01 2.458766233967651649e-01 1.092029695832827940e-01 5.839343082938317636e-02 5.882957793798251206e-02 1.000530693331612292e-01 1.000358345754114447e-01
9.999999990470491429e-02 1.000000000528279559e-01 9.999999993224306660e-02 9.999999987612183394e-02 9.999999966724758271e-02 1.000000001137860417e-01 1.000000000782387405e-01 1.000000001180951226e-01 1.000000001265152205e-01 1.000000001302195629e-01
